9091364.45619
9197091.3693
9421332.74006
9421332.74006
9421332.74006
9421332.74006
9421332.74006
9421332.74006
9421332.74006
9421332.74006
9421332.74006
9421332.74006
9421332.74006
9421332.74006
9421332.74006
9421332.74006
9421332.74006
9421332.74006
9421332.74006
9421332.74006
9421332.74006
9421332.74006
9421332.74006
9421332.74006
9421332.74006
9571947.60489
9571947.60489
9571947.60489
9571947.60489
9571947.60489
9571947.60489
9571947.60489
9571947.60489
9571947.60489
9571947.60489
9571947.60489
9571947.60489
9571947.60489
9571947.60489
9571947.60489
9571947.60489
9571947.60489
9571947.60489
9571947.60489
9571947.60489
9571947.60489
9571947.60489
9571947.60489
9571947.60489
9571947.60489
9571947.60489
9571947.60489
9571947.60489
9571947.60489
9571947.60489
9571947.60489
9571947.60489
9571947.60489
9571947.60489
9571947.60489
9571947.60489
9571947.60489
9571947.60489
9571947.60489
9571947.60489
9571947.60489
9571947.60489
9571947.60489
9571947.60489
9571947.60489
9571947.60489
9571947.60489
9571947.60489
9571947.60489
9571947.60489
9571947.60489
9571947.60489
9571947.60489
9571947.60489
9571947.60489
9571947.60489
9571947.60489
9571947.60489
9571947.60489
9571947.60489
9571947.60489
9571947.60489
9571947.60489
9571947.60489
9571947.60489
9571947.60489
9571947.60489
9571947.60489
9571947.60489
9571947.60489
9571947.60489
9571947.60489
9571947.60489
9571947.60489
9571947.60489
