9535129.33388
8654952.39455
8654952.39455
8917824.03762
8698194.0402
8698194.0402
8698194.0402
8698194.0402
8707529.42556
8994274.14659
8757629.72549
8298714.06073
8448901.9247
8499562.61319
8651657.89433
8416664.28201
8416664.28201
8416664.28201
8416664.28201
8284194.73586
8314284.57087
8839644.34108
8750329.60963
8983144.40809
8922319.2252
9083458.21515
9055401.94854
9055401.94854
9256022.32494
9375174.81867
9351321.19921
9364788.89256
9364788.89256
9136587.97874
9263512.24711
9247751.83695
9308116.23393
9399509.80491
9587535.89025
9587535.89025
9587535.89025
8792701.0312
8792701.0312
8792701.0312
8792701.0312
8647792.97231
8603987.03272
8603987.03272
8603987.03272
8603987.03272
8603987.03272
8945880.69505
8945880.69505
8970151.54407
8970151.54407
8664509.31779
8604440.23946
8746809.09751
8689466.0856
8772157.12293
8856956.93142
8856956.93142
8670400.57131
8750661.03827
8770802.44173
9096179.09055
8705439.1269
8522302.36261
8522302.36261
8563177.53765
8460370.34041
8615740.13485
8545477.92742
8545477.92742
9094096.8886
8092173.48529
8221949.92493
8194224.70667
8498802.39373
8492394.30455
8492394.30455
8492394.30455
8461204.82143
8461204.82143
8461204.82143
8732619.84872
8845377.36197
8854383.07912
8414887.59473
8507521.02477
8565967.59867
8466101.47082
8497438.15116
8474613.92484
8408423.70028
8344240.26215
9163812.08162
8891331.61981
8715710.67932
8617929.97234
8744522.91531
8318378.97455
8318378.97455
8224348.31659
8451304.64411
8212294.19026
8300876.55645
8846660.70742
8846660.70742
8846660.70742
8723480.3615
8767652.6683
8725097.99826
8725097.99826
8756362.93826
8756362.93826
8756362.93826
8623790.21096
8678844.53771
8678844.53771
8678844.53771
8686066.8192
8745776.85871
8745776.85871
8745776.85871
8545236.64255
8545236.64255
8545236.64255
8577322.7869
8472697.72029
8592914.85157
8550703.87291
8618995.81751
8609591.33544
8609591.33544
8685203.2071
8493384.69119
8493384.69119
8533904.14834
8533904.14834
8980638.23363
8996159.94023
9016255.75734
9020621.92184
9253921.7318
9231417.90433
9181476.21652
9294511.16055
9180277.99922
9180277.99922
9444803.03562
9411253.73182
9411253.73182
9382532.21398
9436855.68509
8596925.61681
8921294.77998
8629918.78699
8629918.78699
8703427.02153
8703427.02153
8718549.97959
8838423.72732
8708706.42196
8961813.75556
9409399.20058
9073920.67348
9012327.05328
9116019.51306
9349415.96648
9323159.42117
9323159.42117
9256595.62648
9248116.55045
9144409.16494
9113531.89143
9023248.78628429
9067918.90433679
9107795.267257318
9184000.76167
8904822.80622
8904822.80622
8816205.28914
8725419.637
8401108.68608
8380363.27011
8400189.30853
8519345.96581
8292269.46066
8285195.50399
8285195.50399
8294451.1384
8295370.40389
8295370.40389
8386942.8361
8371372.14934
8541543.22441
8540991.84076
8558565.00418
8753734.87035
8551462.16712
8864301.3688
8687396.087
8759175.27603
8765000.30998
8296491.96549
8325292.10569
8491542.62583
8400594.76236
8210464.0832
8070191.22668
8247877.78304
8309424.21748
8236315.86135
8279587.04385
8344471.84742
8531204.10745
8530083.22805
8559635.70118
8679438.28293
8498615.96442
8474832.837
8428774.92501
8397938.09537
8296133.62085
8198359.37463
8284365.52545
8234669.99044
8242546.26245
8332751.8294
8332751.8294
8332751.8294
8565418.2839
8565418.2839
8565418.2839
8615113.85253
9325077.26518
9325077.26518
9588250.28589
9588250.28589
9588250.28589
9588250.28589
9588250.28589
9588250.28589
9588250.28589
9588250.28589
9588250.28589
9588250.28589
9588250.28589
9588250.28589
9588250.28589
9588250.28589
9588250.28589
9588250.28589
9588250.28589
9588250.28589
9588250.28589
9588250.28589
9588250.28589
9588250.28589
9588250.28589
9588250.28589
9588250.28589
9588250.28589
9588250.28589
9588250.28589
9588250.28589
9588250.28589
9588250.28589
9588250.28589
9588250.28589
9588250.28589
9588250.28589
9588250.28589
9588250.28589
9588250.28589
9588250.28589
9588250.28589
9588250.28589
9588250.28589
9588250.28589
9588250.28589
9588250.28589
9588250.28589
9588250.28589
9588250.28589
9588250.28589
9588250.28589
9588250.28589
9588250.28589
9588250.28589
9588250.28589
9588250.28589
9588250.28589
9588250.28589
9588250.28589
9588250.28589
9588250.28589
9588250.28589
9588250.28589
9588250.28589
9588250.28589
9588250.28589
9588250.28589
9588250.28589
9588250.28589
9588250.28589
9588250.28589
9588250.28589
9588250.28589
9588250.28589
9588250.28589
9588250.28589
9588250.28589
9588250.28589
9588250.28589
9588250.28589
9588250.28589
9588250.28589
9588250.28589
9588250.28589
9588250.28589
9588250.28589
9588250.28589
9588250.28589
9588250.28589
9588250.28589
9588250.28589
9588250.28589
9588250.28589
9588250.28589
9588250.28589
9588250.28589
9588250.28589
9588250.28589
9588250.28589
9588250.28589
9588250.28589
9588250.28589
9588250.28589
9588250.28589
9588250.28589
9588250.28589
9588250.28589
9588250.28589
9588250.28589
9588250.28589
9588250.28589
9588250.28589
9588250.28589
9588250.28589
9588250.28589
9588250.28589
9588250.28589
9588250.28589
9588250.28589
9588250.28589
9588250.28589
9588250.28589
9588250.28589
9588250.28589
9588250.28589
9588250.28589
9588250.28589
9588250.28589
9588250.28589
9588250.28589
9588250.28589
9588250.28589
9588250.28589
9588250.28589
9588250.28589
9588250.28589
9588250.28589
9588250.28589
9588250.28589
9588250.28589
9588250.28589
9588250.28589
9588250.28589
9588250.28589
9588250.28589
9588250.28589
9588250.28589
9588250.28589
9588250.28589
9588250.28589
9588250.28589
9588250.28589
9588250.28589
9588250.28589
9588250.28589
9588250.28589
9588250.28589
9588250.28589
9588250.28589
9588250.28589
9588250.28589
9588250.28589
9588250.28589
9588250.28589
9588250.28589
9588250.28589
9588250.28589
9588250.28589
9588250.28589
9588250.28589
9588250.28589
9588250.28589
9588250.28589
9588250.28589
9588250.28589
9588250.28589
9588250.28589
9588250.28589
9588250.28589
9588250.28589
9588250.28589
9588250.28589
9588250.28589
9588250.28589
9588250.28589
9588250.28589
9588250.28589
9588250.28589
9588250.28589
9588250.28589
9588250.28589
9588250.28589
9588250.28589
9588250.28589
9588250.28589
9588250.28589
9588250.28589
9588250.28589
9588250.28589
9588250.28589
9588250.28589
9588250.28589
9588250.28589
9588250.28589
9588250.28589
9588250.28589
9588250.28589
9588250.28589
9588250.28589
9588250.28589
9588250.28589
9588250.28589
9588250.28589
9588250.28589
9588250.28589
9588250.28589
9588250.28589
9588250.28589
9588250.28589
9588250.28589
9588250.28589
9588250.28589
