8256804.24488
8256804.24488
8256804.24488
8256804.24488
8256804.24488
8256804.24488
8256804.24488
8256804.24488
8256804.24488
8256804.24488
8256804.24488
8256804.24488
8373682.40811
8398969.67922
8626535.87243
9151978.48911
9151978.48911
9355993.26281
9355993.26281
9430704.48742
9430704.48742
9430704.48742
9430704.48742
9440778.32894
9566753.30945
9937948.51374
9956883.75169
9956883.75169
9956883.75169
9956883.75169
9956883.75169
9956883.75169
9956883.75169
9956883.75169
9956883.75169
9956883.75169
9956883.75169
9956883.75169
9956883.75169
9956883.75169
9956883.75169
9956883.75169
9956883.75169
9956883.75169
9956883.75169
9956883.75169
9956883.75169
9956883.75169
9956883.75169
9956883.75169
9956883.75169
9956883.75169
9956883.75169
9956883.75169
9956883.75169
9956883.75169
9956883.75169
9956883.75169
9956883.75169
9956883.75169
9956883.75169
9956883.75169
9956883.75169
9956883.75169
9956883.75169
9956883.75169
9956883.75169
9956883.75169
9956883.75169
9956883.75169
9956883.75169
9956883.75169
9956883.75169
9956883.75169
9956883.75169
9956883.75169
9956883.75169
9956883.75169
9956883.75169
9956883.75169
9956883.75169
9956883.75169
9956883.75169
9956883.75169
9956883.75169
9956883.75169
9956883.75169
9956883.75169
9956883.75169
9956883.75169
9956883.75169
9956883.75169
9956883.75169
9956883.75169
9956883.75169
9956883.75169
9956883.75169
9956883.75169
9956883.75169
9956883.75169
