8640952.92108
8781824.2796
8804442.30795
8845662.92057
8916230.62401
9402639.80497
9599649.03044
9599649.03044
9912315.26843
9958769.94365
9984252.82721
10239148.591
10349033.7696
10387249.8736
10407095.9349
10407095.9349
10407095.9349
10420636.2259
10522774.0615
10522774.0615
10522774.0615
10522774.0615
10522774.0615
10522774.0615
10522774.0615
10522774.0615
10522774.0615
10522774.0615
10522774.0615
10522774.0615
10522774.0615
10522774.0615
10522774.0615
10852372.1643
10852372.1643
10852372.1643
10852372.1643
10852372.1643
10852372.1643
10852372.1643
10852372.1643
10852372.1643
10852372.1643
10852372.1643
10852372.1643
10873823.6792
10882481.0053
10882481.0053
10882481.0053
10882481.0053
10888013.2129
10888013.2129
10888013.2129
11048293.0259
11048293.0259
11048293.0259
11048293.0259
11048293.0259
11048293.0259
11048293.0259
11048293.0259
11048293.0259
11048293.0259
11048293.0259
11048293.0259
11048293.0259
11048293.0259
11048293.0259
11048293.0259
11048293.0259
11048293.0259
11048293.0259
11048293.0259
11048293.0259
11048293.0259
11048293.0259
11048293.0259
11048293.0259
11048293.0259
11107942.8005
11107942.8005
11110426.8847
11110426.8847
11110426.8847
11111763.4522
11111763.4522
11111763.4522
11111763.4522
11111763.4522
11111763.4522
11111763.4522
11111763.4522
11126213.3346
11126213.3346
11126213.3346
11126213.3346
11126213.3346
11126213.3346
11126213.3346
11126213.3346
