9170146.67943
9170146.67943
9170146.67943
9170146.67943
9170146.67943
9170146.67943
9170146.67943
9170146.67943
9170146.67943
9170146.67943
9170146.67943
9170146.67943
9170146.67943
9170146.67943
9170146.67943
9170146.67943
9170146.67943
9170146.67943
9170146.67943
9170146.67943
9912137.01489
9912137.01489
9912137.01489
9912137.01489
9912137.01489
9912137.01489
9912137.01489
9912137.01489
9912137.01489
9912137.01489
9912137.01489
9912137.01489
9912137.01489
9912137.01489
9912137.01489
9912137.01489
9912137.01489
9912137.01489
9912137.01489
9912137.01489
10208213.448
10208213.448
10208213.448
10208213.448
10208213.448
10208213.448
10208213.448
10208213.448
10208213.448
10208213.448
10208213.448
10208213.448
10208213.448
10208213.448
10208213.448
10208213.448
10208213.448
10208213.448
10208213.448
10208213.448
10378237.6745
10378237.6745
10378237.6745
10378237.6745
10378237.6745
10378237.6745
10378237.6745
10378237.6745
10378237.6745
10378237.6745
10378237.6745
10378237.6745
10378237.6745
10378237.6745
10378237.6745
10378237.6745
10378237.6745
10378237.6745
10378237.6745
10378237.6745
10378237.6745
10378237.6745
10378237.6745
10378237.6745
10378237.6745
10378237.6745
10378237.6745
10378237.6745
10378237.6745
10378237.6745
10378237.6745
10378237.6745
10378237.6745
10378237.6745
10378237.6745
10378237.6745
10378237.6745
10378237.6745
10378237.6745
10378237.6745
10378237.6745
10378237.6745
10378237.6745
10378237.6745
10378237.6745
10378237.6745
10378237.6745
10378237.6745
10378237.6745
10378237.6745
10378237.6745
10378237.6745
10378237.6745
10378237.6745
10378237.6745
10378237.6745
10378237.6745
10378237.6745
10378237.6745
10378237.6745
10378237.6745
10378237.6745
10378237.6745
10378237.6745
10378237.6745
10378237.6745
10378237.6745
10378237.6745
10378237.6745
10378237.6745
10378237.6745
10378237.6745
10378237.6745
10378237.6745
10378237.6745
10378237.6745
10378237.6745
10378237.6745
10378237.6745
10378237.6745
10378237.6745
10378237.6745
10378237.6745
10378237.6745
10378237.6745
10378237.6745
10378237.6745
10378237.6745
10378237.6745
10378237.6745
10378237.6745
10378237.6745
10378237.6745
10378237.6745
10378237.6745
10378237.6745
10378237.6745
10378237.6745
10378237.6745
10378237.6745
10378237.6745
10378237.6745
10378237.6745
10378237.6745
10378237.6745
10378237.6745
10378237.6745
10378237.6745
10378237.6745
10378237.6745
10378237.6745
10378237.6745
10378237.6745
10378237.6745
10378237.6745
10378237.6745
10378237.6745
10378237.6745
10378237.6745
10378237.6745
10378237.6745
10378237.6745
10378237.6745
10378237.6745
10378237.6745
10378237.6745
10378237.6745
10378237.6745
10378237.6745
10378237.6745
10378237.6745
10378237.6745
10378237.6745
10378237.6745
10378237.6745
10378237.6745
10378237.6745
10378237.6745
10378237.6745
10378237.6745
