8488455.72462
8792329.1924
8378970.61277
8871366.84909
8633849.84499
9017270.38803
9182983.03386
9110466.11006
9038853.99875
8712377.2533
8412819.66159
9607657.705
8876824.44889
8479698.46175
8412941.3816
8819218.56845
9290950.68864
8651602.74289
9254214.61499
8362920.45183
8530025.16449
9006735.44215
8608153.72497
9293455.7867
8497334.16491
8642554.09892
8757697.49089
8728599.21445
8999355.89455
8974784.84141
8445038.23673
8862483.30738
8604130.34693
9306108.20712
8808852.53992
8976623.72976
9244463.1074
8394010.04987
8555347.20031
8487003.2565
9526168.89346
8855416.30336
8709513.74762
8232109.02807
8446122.22631
8521674.6388
8760931.57399
9172425.61876
9106702.86824
8993690.46638
8969525.13966
8874413.20031
9192851.46797
8360385.88352
9148603.62099
8593911.44954
9448275.06113
8611461.15301
9187955.77735
9334436.5508
8661788.16322
8576026.1388
9075203.05022
8575569.81498
9016154.58983
8390395.37045
9903486.97748
8659038.75496
8276957.94044
9092427.82877
9595602.41163
9730306.59773
8356507.89831
8763556.36713
8679819.00487
8620151.41409
8607152.66173
9125154.30146
8430863.97995
8603744.397
8921818.58375
8940404.80454
9280713.44542
9438321.46645
9276063.17208
9135856.24798
8548301.11729
8532441.25004
9278675.83287
8680093.10031
8852104.91939
8580272.3481
9061179.80376
8855519.82299
8874294.4417
8367754.21208
8270943.54667
8852229.15304
9245561.35797
8671204.39949
