9675608.14998
8967620.07328
9027193.81844
8916509.24801
8513520.06226
8547671.46332
8580459.07542
8599657.98564
8537400.39635
8690479.58102
8611152.3643
8622301.30024
8627450.02506
8458028.70263
8430835.61238
8240778.60803
8161434.03875
8445415.66691
8531187.17681
8623253.88761
8767459.93985
8863121.11127
8842705.30644
9029497.40475
8721056.52034
8571374.27705
8753769.65339
8649013.27626
8656645.86085
8708822.80306
8771132.83113
8845390.94169
8760483.27059
8668991.56502
8686548.60972
8857649.1814
8813750.07157
8862993.74686
8880917.29698
8886352.79548
8615208.55292
