10527463.5104
10395384.5593
10563346.2162
10498083.9422
10166256.0363
10547846.5805
10569433.4758
10565410.0831
10526255.0343
10624802.417
10489690.0487
10608637.0865
10705078.5968
10884930.1539
10441470.366
10415153.7508
9992345.34888
10398742.0524
10708748.3066
10440352.2602
10679455.6697
10309788.748
10652721.1341
10513974.2833
10611414.1483
10527234.3019
10402010.627
10191549.7022
10616597.6512
10468213.8481
10322084.8881
10426817.5613
10399353.4851
10346765.9955
10534343.8348
10569737.076
10443697.707
10357315.654
10647355.4111
10562297.7216
10437702.4098
10075515.7871
10794024.3173
10671877.1001
10853507.7787
10484036.202
10852938.7839
10511148.9909
10201730.6778
10680405.4199
10513855.6017
10320827.7326
10609765.6275
10776497.847
10505143.6509
10441345.4344
10709811.0241
10327838.0544
10314849.8965
10160755.8419
10463875.6023
10494638.2286
10519219.1527
10331926.9623
10238582.5869
10714916.5572
10686696.506
10337691.3911
10467718.9715
10402728.7908
10560115.6577
10497140.695
10804383.4271
10198253.9805
10587152.7363
10482740.4086
10322737.3554
10588763.4581
10518706.9321
10052994.0731
10444297.5189
10699240.8298
10424850.2314
10602460.7015
10526858.2745
10431953.4891
10476757.3694
10579194.9458
10213653.6813
10619331.547
10312790.5129
10464123.8973
10210416.8291
10376547.1175
10362782.4425
10572365.477
10283754.537
10649316.0954
10518600.8873
10410137.9561
